P:0.5
R:0.6
F:0.5454545454545454
Auc:0.6314814814814814
