P:0.4482758620689655
R:0.6190476190476191
F:0.52
Auc:0.5
