P:0.47368421052631576
R:0.47368421052631576
F:0.47368421052631576
Auc:0.6015037593984962
