P:0.2828282828282828
R:0.4827586206896552
F:0.35668789808917195
Auc:0.578847771236333
