P:0.5189873417721519
R:0.6307692307692307
F:0.5694444444444443
Auc:0.7524742773150417
