P:0.5
R:0.6065573770491803
F:0.5481481481481482
Auc:0.7439160981570104
