P:0.8636363636363636
R:0.7638190954773869
F:0.8106666666666668
Auc:0.8434480092771551
