P:0.7376237623762376
R:0.7680412371134021
F:0.7525252525252524
Auc:0.605186855670103
