P:0.8342245989304813
R:0.78
F:0.806201550387597
Auc:0.838888888888889
