P:0.5
R:0.02702702702702703
F:0.05128205128205129
Auc:0.737138683084629
