P:0.3625
R:0.8656716417910447
F:0.5110132158590308
Auc:0.8403694600005068
