P:0.3826086956521739
R:0.7333333333333333
F:0.5028571428571429
Auc:0.7137860082304528
