P:0.41935483870967744
R:0.6
F:0.49367088607594933
Auc:0.7204311611954924
