P:0.30578512396694213
R:0.5873015873015873
F:0.4021739130434782
Auc:0.5250074872716383
