P:0.3770491803278688
R:0.41818181818181815
F:0.396551724137931
Auc:0.673202614379085
