P:0.2824427480916031
R:0.6727272727272727
F:0.39784946236559143
Auc:0.5418894830659536
