P:0.34177215189873417
R:0.5294117647058824
F:0.4153846153846154
Auc:0.6416885225427751
