P:0.24691358024691357
R:0.7692307692307693
F:0.37383177570093457
Auc:0.7950126796280642
