P:0.2033898305084746
R:0.5
F:0.2891566265060241
Auc:0.7690217391304348
