P:0.18
R:0.6206896551724138
F:0.27906976744186046
Auc:0.6347524561741476
