P:0.7183098591549296
R:0.7391304347826086
F:0.7285714285714284
Auc:0.6849795211090106
