P:0.3028571428571429
R:0.5824175824175825
F:0.3984962406015038
Auc:0.6740543110735417
