P:0.28289473684210525
R:0.43434343434343436
F:0.3426294820717132
Auc:0.6231927114280056
