P:0.26066350710900477
R:0.5978260869565217
F:0.36303630363036304
Auc:0.6263488737558932
