P:0.7228915662650602
R:0.1643835616438356
F:0.26785714285714285
Auc:0.5997133825079031
