P:0.39436619718309857
R:0.5714285714285714
F:0.4666666666666667
Auc:0.7640867667821846
