P:0.5211267605633803
R:0.6491228070175439
F:0.578125
Auc:0.7877309166957128
