P:0.2736842105263158
R:0.5306122448979592
F:0.3611111111111111
Auc:0.5625721986907971
