P:0.7096774193548387
R:0.7857142857142857
F:0.7457627118644068
Auc:0.8041125541125541
