P:0.7291666666666666
R:0.1912568306010929
F:0.303030303030303
Auc:0.5661528423456488
