P:0.5806451612903226
R:0.6976744186046512
F:0.6338028169014085
Auc:0.5974648168479888
