P:0.6130434782608696
R:0.5573122529644269
F:0.5838509316770185
Auc:0.595492742551566
