P:0.6591760299625468
R:0.6901960784313725
F:0.6743295019157087
Auc:0.6656530408773679
