P:0.6097560975609756
R:0.6410256410256411
F:0.625
Auc:0.8349724856574171
