P:0.31645569620253167
R:0.6578947368421053
F:0.4273504273504274
Auc:0.5778947368421052
