P:0.2909090909090909
R:0.42105263157894735
F:0.3440860215053763
Auc:0.4621052631578947
