P:0.29310344827586204
R:0.4594594594594595
F:0.35789473684210527
Auc:0.5828204442065827
