P:0.4807692307692308
R:0.2976190476190476
F:0.3676470588235294
Auc:0.5415839947089947
