P:0.7407407407407407
R:0.5882352941176471
F:0.6557377049180328
Auc:0.6140148830616585
