P:0.4666666666666667
R:0.7368421052631579
F:0.5714285714285714
Auc:0.6785714285714286
