P:0.6875
R:0.4782608695652174
F:0.5641025641025642
Auc:0.7264492753623188
