P:0.5555555555555556
R:0.43478260869565216
F:0.4878048780487805
Auc:0.6286231884057971
