P:0.4642857142857143
R:0.14444444444444443
F:0.22033898305084743
Auc:0.7039331366764995
