P:0.7316176470588235
R:0.7210144927536232
F:0.7262773722627737
Auc:0.6353017521090202
