P:0.8115384615384615
R:0.8577235772357723
F:0.83399209486166
Auc:0.7232288037166086
