P:0.5979381443298969
R:0.3515151515151515
F:0.44274809160305345
Auc:0.6825728098101639
