P:0.36363636363636365
R:0.18461538461538463
F:0.24489795918367346
Auc:0.7238591916558019
