P:0.6411290322580645
R:0.6091954022988506
F:0.6247544204322201
Auc:0.6502582042312177
