P:0.6153846153846154
R:0.65625
F:0.6351606805293005
Auc:0.6112699468085105
