P:0.6
R:0.5340909090909091
F:0.5651302605210421
Auc:0.6165398478173809
