P:0.625
R:0.6410256410256411
F:0.6329113924050633
Auc:0.8050291093769355
