P:0.7034883720930233
R:0.6237113402061856
F:0.6612021857923498
Auc:0.609106529209622
