P:0.547945205479452
R:0.7142857142857143
F:0.6201550387596898
Auc:0.7333447802197802
