P:0.5194805194805194
R:0.6779661016949152
F:0.588235294117647
Auc:0.6846786373552609
