P:0.4444444444444444
R:0.417910447761194
F:0.43076923076923074
Auc:0.5721393034825871
