P:0.5555555555555556
R:0.17543859649122806
F:0.26666666666666666
Auc:0.650501253132832
