P:0.3888888888888889
R:0.525
F:0.4468085106382979
Auc:0.6869897959183673
