P:0.32558139534883723
R:0.3111111111111111
F:0.3181818181818182
Auc:0.548148148148148
