P:0.3870967741935484
R:0.6486486486486487
F:0.48484848484848475
Auc:0.6855766657746856
