P:0.5526315789473685
R:0.23333333333333334
F:0.32812500000000006
Auc:0.6605432098765432
