P:0.8259109311740891
R:0.8292682926829268
F:0.8275862068965517
Auc:0.8475979305247598
