P:0.5374149659863946
R:0.47878787878787876
F:0.5064102564102564
Auc:0.7513396513396513
