P:0.41379310344827586
R:0.5333333333333333
F:0.4660194174757281
Auc:0.6898259705488622
