P:0.23943661971830985
R:0.3541666666666667
F:0.28571428571428575
Auc:0.5737474437627811
