P:0.3764705882352941
R:0.6530612244897959
F:0.4776119402985075
Auc:0.716679264298312
