P:0.39285714285714285
R:0.171875
F:0.2391304347826087
Auc:0.6779513888888888
