P:0.6428571428571429
R:0.7741935483870968
F:0.7024390243902439
Auc:0.630980208820321
