P:0.6956521739130435
R:0.4752475247524752
F:0.5647058823529411
Auc:0.5852945950332739
