P:0.6226415094339622
R:0.6804123711340206
F:0.6502463054187193
Auc:0.5670103092783505
