P:0.5779816513761468
R:0.5575221238938053
F:0.5675675675675675
Auc:0.8244585325745939
