P:0.5333333333333333
R:0.6896551724137931
F:0.6015037593984963
Auc:0.7026707234617985
