P:0.5921052631578947
R:0.7377049180327869
F:0.656934306569343
Auc:0.7507865540652426
