P:0.44565217391304346
R:0.6949152542372882
F:0.543046357615894
Auc:0.6172176539687867
