P:0.42857142857142855
R:0.08108108108108109
F:0.13636363636363638
Auc:0.753939267452781
