P:0.5161290322580645
R:0.38095238095238093
F:0.4383561643835616
Auc:0.5796130952380953
