P:0.16666666666666666
R:0.5833333333333334
F:0.25925925925925924
Auc:0.6818387681159421
