P:0.2909090909090909
R:0.5925925925925926
F:0.39024390243902435
Auc:0.788622877020667
