P:0.2608695652173913
R:0.41379310344827586
F:0.32
Auc:0.6800231169331535
