P:0.265625
R:0.5730337078651685
F:0.36298932384341637
Auc:0.6527068437180796
