P:0.1875
R:0.6593406593406593
F:0.29197080291970806
Auc:0.4971734995773457
