P:0.2677595628415301
R:0.5568181818181818
F:0.3616236162361624
Auc:0.6549142981123888
