P:0.708994708994709
R:0.6871794871794872
F:0.6979166666666666
Auc:0.6167759888690122
