P:0.5555555555555556
R:0.5309734513274337
F:0.5429864253393665
Auc:0.811195014821386
