P:0.8021390374331551
R:0.7772020725388601
F:0.7894736842105263
Auc:0.7990491960899524
