P:0.7724550898203593
R:0.6861702127659575
F:0.7267605633802816
Auc:0.7040571547768044
