P:0.8793103448275862
R:0.7574257425742574
F:0.8138297872340426
Auc:0.8217821782178218
