P:0.41935483870967744
R:0.5909090909090909
F:0.4905660377358491
Auc:0.7572128470332063
