P:0.2127659574468085
R:0.43478260869565216
F:0.2857142857142857
Auc:0.5333333333333333
