P:0.3523809523809524
R:0.8604651162790697
F:0.5
Auc:0.7428017718715393
