P:0.7037037037037037
R:0.6551724137931034
F:0.6785714285714286
Auc:0.823049001814882
