P:0.41935483870967744
R:0.7761194029850746
F:0.544502617801047
Auc:0.8252413653295492
