P:0.6477272727272727
R:0.5757575757575758
F:0.6096256684491979
Auc:0.5274971941638609
