P:0.6428571428571429
R:0.6428571428571429
F:0.6428571428571429
Auc:0.5655293367346937
