P:0.5825242718446602
R:0.625
F:0.6030150753768844
Auc:0.5353535353535354
