P:0.6846846846846847
R:0.5507246376811594
F:0.6104417670682732
Auc:0.6506934704690666
