P:0.5454545454545454
R:0.10526315789473684
F:0.1764705882352941
Auc:0.5433583959899749
